database chess_utility.txt
cohui_miner [min_corr: 0.86, min_util: 600000]
no. cohuis found: 16
[48, 66, 34, 36, 60, 40, 29, 52, [0.862282620095251], 733736]
[48, 66, 34, 36, 60, 40, 52, 58, [0.8627869459983293], 680576]
[48, 66, 34, 36, 40, 29, 52, 58, [0.860430698571705], 682064]
[48, 66, 34, 60, 40, 29, 52, [0.8703849770382518], 716731]
[48, 66, 34, 60, 40, 29, 52, 58, [0.867056376674007], 734263]
[48, 66, 7, 36, 60, 40, 29, 52, [0.865816481019897], 684878]
[48, 66, 7, 36, 60, 40, 29, 52, 58, [0.8629473675429339], 702410]
[48, 66, 7, 60, 40, 29, 52, [0.8737179085416475], 667873]
[48, 66, 7, 60, 40, 29, 52, 58, [0.8705600274294676], 685405]
[48, 34, 7, 60, 40, 29, 52, [0.863283035315783], 700827]
[48, 34, 7, 60, 40, 29, 52, 58, [0.8602560630430701], 718359]
[48, 34, 36, 60, 40, 29, 52, [0.8886533917328561], 666856]
[48, 34, 36, 60, 40, 29, 52, 58, [0.8856635642222198], 684388]
[48, 34, 60, 40, 29, 52, 58, [0.8927980985633885], 667383]
[56, 66, 34, 60, 40, 29, 52, 58, [0.8654767550358551], 685274]
[66, 34, 7, 60, 40, 29, 52, 58, [0.877876601194464], 669046]
